40645637 589707204 89929230
2331703372 3634092968 247989827
375013050 880330876 388603146
959059361 861524497 18806379
3081535248 2703807387 671456921
2080450790 1678532701 100545991
1520717011 1522300302 156232399
3801827392 4285326304 9640992
2834731556 1990942492 115059472
2949791028 2566169187 71005535
3020796563 4224587619 60738685
4159346802 1855321998 135620494
977865740 0 297257755
3811468384 3375264308 157802817
2304295289 1779078692 27408083
3752992169 1806486775 48835223
2579693199 3882082795 255038357
130574867 328095764 236983298
4081903724 3533067125 77443078
367558165 310812857 7454885
3969271201 3610510203 23582765
4080320433 1520717011 1583291
777171298 679636434 181888063
2180996781 2106001964 56665843
3992853966 4137121152 87466467
0 1268934022 6189473
30817615 318267742 9828022
1676949410 2162667807 403501380
763616196 297257755 13555102
6189473 565079062 24628142
2237662624 2637174722 66632665
