3854764317 3086190444 332386294
2110554705 1096342109 65650849
3236082645 1211923153 20175736
846106827 1853452836 60731419
596073066 1972015961 100470927
1202254149 2647779239 280062599
2176205554 2107199879 422980149
2943801812 432921932 58618218
1824616452 1161992958 3317671
1201112206 2106057936 1141943
1840640266 1631373972 178403432
2767591984 62542954 155027747
2743880612 491540150 8409669
62542954 1273100182 24571446
4208015516 3772661112 86951780
3477752908 217570701 215351231
2019043698 3681150105 91511007
1482316748 4027597725 172205397
766244356 4199803122 79862471
950513678 665972626 23438579
89279871 1232098889 41001293
1654522145 1914184255 36130017
3002420030 3660808941 20341164
452765307 1525178112 98766078
551531385 840194947 44541681
1827934123 2072486888 12706143
87114400 3859612892 2165471
1091551468 3873351076 109560738
2714852730 884736628 29027882
906838246 1809777404 43675432
760232399 1297671628 6011957
696543993 3861778363 11572713
3693104139 633914109 32058517
1690652162 499949819 133964290
151982853 3418576738 142433848
2922619731 689411205 21182081
2599185703 1165310629 46612524
2752290281 4279665593 15301703
3022761194 913764510 182577599
2645798227 3561010586 69054503
130281164 1950314272 21701689
973952257 2530180028 117599211
715546488 3982911814 44685911
4187150611 2085193031 20864905
3256258381 1303683585 221494527
3725162656 710593286 129601661
708116706 1623944190 7429782
3205338793 3630065089 30743852
294416701 2927841838 158348606
