152560994 173671324 63296280
22185606 1527272669 123700133
1331635416 297391996 25501160
2532562923 236967604 60424392
145885739 854580877 6675255
696074404 427174664 330582271
0 1407203152 22185606
1174684019 152310608 21360716
2679050525 3516671293 482421092
1227353908 322893156 104281508
1077860077 757756935 96823942
3161471617 3999092385 22763615
1509447184 1650972802 82059456
4170512486 2802241718 1263617
1196044735 1495963496 31309173
1357136576 0 152310608
4171776103 2679050525 123191193
1731875772 1733032258 319590386
282432012 1001625264 405577888
215857274 1429388758 66574738
1026656675 2541783913 51203402
1591506640 861256132 140369132
688009900 2052622644 8064504
3457346528 2803505335 713165958
3184235232 4021856000 273111296
2051466158 2060687148 481096765
