1222332482 2306154207 322881400
3721269109 3329751112 30895612
4157109606 3191893422 137857690
2602036554 3676681423 255279159
2293973174 3078247260 113646162
1208052724 2246358310 14279758
1835200232 1597610395 302070784
3118371905 1208052724 389557671
2137271016 3519979265 156702158
2501933666 1952285487 54586749
3753874345 1899681179 52604308
3806478653 3931960582 7636192
3973340148 2006872236 24436917
3814114845 2629035607 159225303
3507929576 2031309153 213339533
3752164721 2244648686 1709624
2857315713 3939596774 261056192
3997777065 3360646724 159332541
2556520415 2260638068 45516139
2407619336 4200652966 94314330
1545213882 2788260910 289986350
