2587123207 1612631011 14556918
425896400 1627187929 180219453
974395525 3228073255 181091940
606115853 2482605187 15274968
621390821 1843957593 329096619
4269010275 3749182981 25957021
2601680125 1807407382 36550211
3749182981 3775140002 91697225
3337986166 2411426158 71179029
2306503017 631361705 276943999
0 205465305 425896400
950487440 181557220 23908085
1155487465 1188132368 424498643
1579986108 2497880155 726516909
2583447016 3224397064 3676191
3840880206 3866837227 428130069
3099614220 2173054212 238371946
2918057000 0 181557220
2638230336 908305704 279826664
