0 226390191 111676682
342717440 10141562 176981703
3507713259 629378619 187481170
3695194429 3739990160 60489319
2747106431 4155961766 11528550
2120906094 2661985654 77106422
3983043532 1233406588 239832885
3045388563 4287081612 7885684
529840705 187123265 39266926
2198012516 1102191084 16615097
3053274247 4167490316 104130064
2564366436 2756374717 129809025
3331241613 816859789 87383675
3418625288 3536806097 36187146
1239632010 3393454292 143351805
1147966039 1776147938 91665971
1382983815 2230578660 82475007
4222876417 1045170068 57021016
3455914127 2313053667 4640764
2835800762 3800479479 42590884
4279897433 1473239473 15069863
3780709534 2342720217 202333998
1753297424 3902953503 253008263
1465458822 1488309336 287838602
3454812434 2588893134 1101693
3287402694 2545054215 43838919
2704024450 1002088087 43081981
629378619 2589994827 71990827
3189558071 904243464 97844623
2214627613 2886183742 264407413
2006305687 1118806181 114600407
3460554891 1867813909 47158368
3755683748 2317694431 25025786
111676682 338066873 231040758
519699143 0 10141562
2479035026 3313735125 69870178
2548905204 4271620380 15461232
2775917622 3843070363 59883140
3157404311 2198424900 32153760
864513416 1914972277 283452623
2758634981 2739092076 17282641
701369446 3150591155 163143970
2878391646 3572993243 166996917
2694175461 3383605303 9848989
