3745579304 2724582328 81388084
2201043082 981698567 150857305
456470998 689872919 41258774
2351900387 2312761976 47825019
497729772 314502888 115122928
4036836228 4279991461 14975835
784121118 3255986437 5687937
612852700 0 118278993
3894168411 842107405 27168107
3127730376 4061803810 218187651
1230572305 1958697503 125808488
304425981 163566931 106757079
789809055 3790646012 241507252
1777374448 1871672054 39148062
1816522510 1504159194 367512860
235721965 621168903 68704016
4051812063 1480547431 14406303
3826967388 1228960483 58471320
411183060 118278993 45287938
3921336518 869275512 103693352
4025029870 2304659906 8102070
2838210137 1132555872 96404611
2934614748 1287431803 193115628
1414367080 3422182046 363007368
3345918027 1494953734 9205460
2184035370 2805970412 17007712
2631131158 2088210279 207078979
1356380793 784121118 57986287
2399725406 2493176576 231405752
1031316307 3261674374 160507672
44178878 429625816 191543087
4195166765 3165556554 90429883
4285596648 2295289258 9370648
3403000874 2822978124 342578430
1191823979 3785189414 5456598
1197280577 2459884848 33291728
4066218366 4032153264 29650546
3355123487 1910820116 47877387
3885438708 972968864 8729703
0 270324010 44178878
4095868912 2360586995 99297853
4033131940 2084505991 3704288
